

[单词限制宽松]
rapperfilename        wordtypes  wordcount digittypes digitcount  shittypes  shitcount  abbrtypes  abbrcount  conjtypes  conjcount wrongtypes wrongcount       totalwordcount totalcount | errorlines
------------------------------------------------------------------------------------------------------------------------------------------------------------------------------------------------------
Drake                      6187     264868        107        753        105       5849        360      14392        311        780       5025      27336               264868     292957 | 0
Eminem                     3847      43703         35        102         81        973        230       2666        133        257       1964       4619                43703      48424 | 0
JCole                      5146     141715         59        245         87       3676        242       7306        192        367       3802      14964               141715     156924 | 0
JuiceWRLD                  2737      54020         36        137         51       1362        101       3373        113        281       1725       6894                54020      61052 | 1
KendrickLamar              6732     182868        105        628         93       3424        388       9472        361        660       4650      19840               182868     203336 | 0
LilUziVert                 3845     120120         59        348         69       3640        137       6024        202        627       2708      16524               120120     136992 | 0
LilWayne                   8684     361671        102       1048        187      11639        588      20068        690       1749       8297      44790               361671     407510 | 1
PostMalone                 2152      50952         33        175         47        965         68       2992         58        249       1353       7065                50952      58193 | 1
SnoopDogg                  6532     238480        104        640        119       5679        446      12531        535       1279       5837      30307               238480     269427 | 0
TravisScott                3951      89241         59        303         58       2099        142       4513        153        285       3013      12000                89241     101544 | 0


[单词限制严格]
rapperfilename        wordtypes  wordcount digittypes digitcount  shittypes  shitcount  abbrtypes  abbrcount  conjtypes  conjcount wrongtypes wrongcount       totalwordcount totalcount | errorlines
------------------------------------------------------------------------------------------------------------------------------------------------------------------------------------------------------
Drake                      5411     243847        107        753        105       5849        360      14392        311        780       5025      27336               243847     292957 | 0
Eminem                     3403      39807         35        102         81        973        230       2666        133        257       1964       4619                39807      48424 | 0
JCole                      4625     130366         59        245         87       3676        242       7306        192        367       3802      14964               130366     156924 | 0
JuiceWRLD                  2472      49004         36        137         51       1362        101       3373        113        281       1725       6894                49004      61052 | 1
KendrickLamar              5890     169312        105        628         93       3424        388       9472        361        660       4650      19840               169312     203336 | 0
LilUziVert                 3437     109829         59        348         69       3640        137       6024        202        627       2708      16524               109829     136992 | 0
LilWayne                   7219     328215        102       1048        187      11639        588      20068        690       1749       8297      44790               328215     407510 | 1
PostMalone                 1979      46746         33        175         47        965         68       2992         58        249       1353       7065                46746      58193 | 1
SnoopDogg                  5432     218991        104        640        119       5679        446      12531        535       1279       5837      30307               218991     269427 | 0
TravisScott                3598      82344         59        303         58       2099        142       4513        153        285       3013      12000                82344     101544 | 0


[前10%词汇]
rapperfilename           others     top10%
------------------------------------------
Drake                     30203     234665
Eminem                     8806      34897
JCole                     20803     120912
JuiceWRLD                 10997      43023
KendrickLamar             25695     157173
LilUziVert                19309     100811
LilWayne                  39665     322006
PostMalone                10335      40617
SnoopDogg                 29473     209007
TravisScott               15516      73725


[前200词汇]
rapperfilename           others     top200
------------------------------------------
Drake                     65256     199612
Eminem                    12631      31072
JCole                     38141     103574
JuiceWRLD                 13481      40539
KendrickLamar             52549     130319
LilUziVert                29375      90745
LilWayne                 100840     260831
PostMalone                10924      40028
SnoopDogg                 65038     173442
TravisScott               23533      65708